Discrete_results =
   1.0e+03 *
    0.0030    0.0000    0.0250    0.0001    5.0175
    0.0040    0.0000    0.0330    0.0001    1.7091
    0.0050    0.0000    0.0320    0.0001    1.9530
    0.0060    0.0000    0.0410    0.0001    0.8231
    0.0070    0.0000    0.0390    0.0001    1.2155
    0.0080    0.0000    0.0560    0.0001    0.5368
    0.0090    0.0000    0.0610    0.0001    0.4728
    0.0100    0.0000    0.0930    0.0001    0.3390
    0.0110    0.0000    0.0660    0.0001    0.3347
    0.0120    0.0000    0.1390    0.0001    0.1677
    0.0130    0.0000    0.1020    0.0001    0.2531
    0.0140    0.0000    0.1500    0.0001    0.1484
    0.0150    0.0000    0.1360    0.0001    0.1800
    0.0160    0.0000    0.1630    0.0001    0.1344
    0.0170    0.0000    0.1370    0.0001    0.1101
Continuous_results =
   1.0e+03 *
    0.0030    0.0000    0.0530    0.0001    4.0224
    0.0040    0.0000    0.0700    0.0001    2.2827
    0.0050    0.0000    0.0730    0.0001    1.5784
    0.0060    0.0000    0.0880    0.0001    1.3401
    0.0070    0.0000    0.0820    0.0001    0.9515
    0.0080    0.0000    0.0990    0.0001    0.6244
    0.0090    0.0000    0.1060    0.0001    0.3717
    0.0100    0.0000    0.1260    0.0001    0.3663
    0.0110    0.0000    0.1380    0.0001    0.2426
    0.0120    0.0000    0.1720    0.0001    0.2323
    0.0130    0.0000    0.1630    0.0001    0.1826
    0.0140    0.0000    0.1910    0.0001    0.1129
    0.0150    0.0000    0.2110    0.0001    0.0955
    0.0160    0.0000    0.2000    0.0001    0.0968
    0.0170    0.0000    0.2390    0.0001    0.0712